0 0 0 0
1 1 1 1
2 2 2 2
3 3 3 3
4 5 5 5
5 6 6 6
6 7 7 7
7 8 8 8
8 9 9 9
9 10 10 10
10 12 12 12
11 13 13 13
12 14 14 14
13 15 15 15
14 16 16 16
15 17 17 17
16 19 19 19
17 20 20 20
18 21 21 21
19 22 22 22
20 23 23 23
21 24 24 24
22 26 26 26
23 27 27 27
24 28 28 28
25 29 29 29
26 30 30 30
27 31 31 31
28 33 33 33
29 34 34 34
30 35 35 35
31 36 36 36
32 37 37 37
33 39 39 39
34 40 40 40
35 41 41 41
36 43 43 43
37 44 44 44
38 46 46 46
39 47 47 47
40 48 48 48
41 50 50 50
42 51 51 51
43 53 53 53
44 54 54 54
45 56 56 56
46 57 57 57
47 58 58 58
48 60 60 60
49 61 61 61
50 63 63 63
51 64 64 64
52 65 65 65
53 67 67 67
54 68 68 68
55 70 70 70
56 71 71 71
57 72 72 72
58 74 74 74
59 75 75 75
60 77 77 77
61 78 78 78
62 80 80 80
63 81 81 81
64 82 82 82
65 83 83 83
66 84 84 84
67 85 85 85
68 86 86 86
69 87 87 87
70 88 88 88
71 90 90 90
72 91 91 91
73 92 92 92
74 93 93 93
75 94 94 94
76 95 95 95
77 96 96 96
78 97 97 97
79 98 98 98
80 99 99 99
81 100 100 100
82 101 101 101
83 102 102 102
84 103 103 103
85 104 104 104
86 105 105 105
87 106 106 106
88 107 107 107
89 108 108 108
90 109 109 109
91 110 110 110
92 111 111 111
93 112 112 112
94 113 113 113
95 114 114 114
96 115 115 115
97 117 117 117
98 118 118 118
99 119 119 119
100 120 120 120
101 121 121 121
102 122 122 122
103 123 123 123
104 124 124 124
105 125 125 125
106 126 126 126
107 127 127 127
108 129 129 129
109 130 130 130
110 131 131 131
111 132 132 132
112 133 133 133
113 134 134 134
114 135 135 135
115 136 136 136
116 137 137 137
117 138 138 138
118 140 140 140
119 141 141 141
120 142 142 142
121 143 143 143
122 144 144 144
123 145 145 145
124 146 146 146
125 147 147 147
126 148 148 148
127 149 149 149
128 151 151 151
129 152 152 152
130 153 153 153
131 154 154 154
132 156 156 156
133 157 157 157
134 158 158 158
135 159 159 159
136 160 160 160
137 162 162 162
138 163 163 163
139 164 164 164
140 165 165 165
141 167 167 167
142 168 168 168
143 169 169 169
144 170 170 170
145 171 171 171
146 173 173 173
147 174 174 174
148 175 175 175
149 176 176 176
150 178 178 178
151 179 179 179
152 180 180 180
153 181 181 181
154 182 182 182
155 184 184 184
156 185 185 185
157 186 186 186
158 187 187 187
159 189 189 189
160 190 190 190
161 190 190 190
162 191 191 191
163 192 192 192
164 193 193 193
165 194 194 194
166 195 195 195
167 196 196 196
168 197 197 197
169 197 197 197
170 198 198 198
171 199 199 199
172 200 200 200
173 201 201 201
174 202 202 202
175 203 203 203
176 204 204 204
177 204 204 204
178 205 205 205
179 206 206 206
180 207 207 207
181 208 208 208
182 209 209 209
183 210 210 210
184 211 211 211
185 212 212 212
186 212 212 212
187 213 213 213
188 214 214 214
189 215 215 215
190 216 216 216
191 217 217 217
192 218 218 218
193 218 218 218
194 219 219 219
195 220 220 220
196 220 220 220
197 221 221 221
198 222 222 222
199 223 223 223
200 223 223 223
201 224 224 224
202 225 225 225
203 225 225 225
204 226 226 226
205 227 227 227
206 228 228 228
207 228 228 228
208 229 229 229
209 230 230 230
210 231 231 231
211 231 231 231
212 232 232 232
213 233 233 233
214 233 233 233
215 234 234 234
216 235 235 235
217 236 236 236
218 236 236 236
219 237 237 237
220 238 238 238
221 238 238 238
222 239 239 239
223 240 240 240
224 240 240 240
225 241 241 241
226 241 241 241
227 242 242 242
228 242 242 242
229 243 243 243
230 243 243 243
231 244 244 244
232 244 244 244
233 245 245 245
234 245 245 245
235 246 246 246
236 246 246 246
237 247 247 247
238 247 247 247
239 247 247 247
240 248 248 248
241 248 248 248
242 249 249 249
243 249 249 249
244 250 250 250
245 250 250 250
246 251 251 251
247 251 251 251
248 252 252 252
249 252 252 252
250 253 253 253
251 253 253 253
252 254 254 254
253 254 254 254
254 255 255 255
255 255 255 255
