0.00 0 0 0
1.00 2 2 2
2.00 4 4 4
3.00 6 6 6
4.00 8 8 8
5.00 10 10 10
6.00 12 12 12
7.00 14 14 14
8.00 16 16 16
9.00 18 18 18
10.00 20 20 20
11.00 22 22 22
12.00 24 24 24
13.00 26 26 26
14.00 28 28 28
15.00 30 30 30
16.00 32 32 32
17.00 34 34 34
18.00 36 36 36
19.00 38 38 38
20.00 40 40 40
21.00 42 42 42
22.00 44 44 44
23.00 46 46 46
24.00 48 48 48
25.00 50 50 50
26.00 52 52 52
27.00 54 54 54
28.00 56 56 56
29.00 58 58 58
30.00 60 60 60
31.00 62 62 62
32.00 64 64 64
33.00 66 66 66
34.00 68 68 68
35.00 70 70 70
36.00 72 72 72
37.00 74 74 74
38.00 76 76 76
39.00 78 78 78
40.00 80 80 80
41.00 82 82 82
42.00 84 84 84
43.00 86 86 86
44.00 88 88 88
45.00 90 90 90
46.00 92 92 92
47.00 94 94 94
48.00 96 96 96
49.00 98 98 98
50.00 100 100 100
51.00 102 102 102
52.00 104 104 104
53.00 106 106 106
54.00 108 108 108
55.00 110 110 110
56.00 112 112 112
57.00 114 114 114
58.00 116 116 116
59.00 118 118 118
60.00 120 120 120
61.00 3 3 3
62.00 6 6 6
63.00 9 9 9
64.00 12 12 12
65.00 15 15 15
66.00 18 18 18
67.00 21 21 21
68.00 24 24 24
69.00 27 27 27
70.00 30 30 30
71.00 33 33 33
72.00 36 36 36
73.00 39 39 39
74.00 42 42 42
75.00 45 45 45
76.00 48 48 48
77.00 51 51 51
78.00 54 54 54
79.00 57 57 57
80.00 60 60 60
81.00 63 63 63
82.00 66 66 66
83.00 69 69 69
84.00 72 72 72
85.00 75 75 75
86.00 78 78 78
87.00 81 81 81
88.00 84 84 84
89.00 87 87 87
90.00 90 90 90
91.00 91 91 91
92.00 92 92 92
93.00 93 93 93
94.00 94 94 94
95.00 95 95 95
96.00 96 96 96
97.00 97 97 97
98.00 98 98 98
99.00 99 99 99
100.00 100 100 100
101.00 103 103 103
102.00 106 106 106
103.00 110 110 110
104.00 113 113 113
105.00 116 116 116
106.00 120 120 120
107.00 123 123 123
108.00 127 127 127
109.00 130 130 130
110.00 133 133 133
111.00 137 137 137
112.00 140 140 140
113.00 143 143 143
114.00 147 147 147
115.00 150 150 150
116.00 154 154 154
117.00 157 157 157
118.00 160 160 160
119.00 164 164 164
120.00 167 167 167
121.00 170 170 170
122.00 174 174 174
123.00 177 177 177
124.00 181 181 181
125.00 184 184 184
126.00 187 187 187
127.00 191 191 191
128.00 194 194 194
129.00 197 197 197
130.00 201 201 201
131.00 204 204 204
132.00 208 208 208
133.00 211 211 211
134.00 214 214 214
135.00 218 218 218
136.00 221 221 221
137.00 224 224 224
138.00 228 228 228
139.00 231 231 231
140.00 235 235 235
141.00 238 238 238
142.00 241 241 241
143.00 245 245 245
144.00 248 248 248
145.00 250 250 250
146.00 243 222 251
147.00 237 194 251
148.00 230 167 252
149.00 224 139 252
150.00 217 111 253
151.00 211 83 253
152.00 204 56 254
153.00 198 28 254
154.00 191 0 255
155.00 191 0 255
156.00 178 0 255
157.00 166 0 255
158.00 153 0 255
159.00 140 0 255
160.00 127 0 255
161.00 115 0 255
162.00 102 0 255
163.00 89 0 255
164.00 76 0 255
165.00 64 0 255
166.00 51 0 255
167.00 38 0 255
168.00 25 0 255
169.00 13 0 255
170.00 0 0 255
171.00 0 12 242
172.00 0 25 229
173.00 0 38 217
174.00 0 50 204
175.00 0 63 191
176.00 0 76 178
177.00 0 89 166
178.00 0 102 153
179.00 0 114 140
180.00 0 127 127
181.00 0 140 115
182.00 0 153 102
183.00 0 165 89
184.00 0 178 76
185.00 0 191 64
186.00 0 204 51
187.00 0 217 38
188.00 0 229 25
189.00 0 242 13
190.00 0 255 0
191.00 25 255 0
192.00 51 255 0
193.00 76 255 0
194.00 102 255 0
195.00 127 255 0
196.00 153 255 0
197.00 178 255 0
198.00 204 255 0
199.00 229 255 0
200.00 255 255 0
201.00 255 229 0
202.00 255 204 0
203.00 255 178 0
204.00 255 153 0
205.00 255 127 0
206.00 255 102 0
207.00 255 76 0
208.00 255 51 0
209.00 255 25 0
210.00 255 0 0
211.00 229 0 0
212.00 204 0 0
213.00 178 0 0
214.00 153 0 0
215.00 127 0 0
216.00 102 0 0
217.00 76 0 0
218.00 51 0 0
219.00 25 0 0
220.00 0 0 0
221.00 20 20 20
222.00 30 30 30
223.00 40 40 40
224.00 49 49 49
225.00 59 59 59
226.00 69 69 69
227.00 79 79 79
228.00 89 89 89
229.00 98 98 98
230.00 108 108 108
231.00 118 118 118
232.00 128 128 128
233.00 138 138 138
234.00 147 147 147
235.00 157 157 157
236.00 167 167 167
237.00 177 177 177
238.00 186 186 186
239.00 196 196 196
240.00 206 206 206
241.00 216 216 216
242.00 226 226 226
243.00 235 235 235
244.00 245 245 245
245.00 255 255 255
246.00 255 255 255
247.00 227 227 227
248.00 198 198 198
249.00 170 170 170
250.00 142 142 142
251.00 113 113 113
252.00 85 85 85
253.00 57 57 57
254.00 28 28 28
255.00 0 0 0
