-109.50 0 0 0
-108.86 0 254 254
-108.21 0 252 249
-107.57 0 249 244
-106.93 0 246 239
-106.28 0 243 235
-105.64 0 240 230
-105.00 0 238 225
-104.35 0 235 220
-103.71 0 232 215
-103.07 0 229 211
-102.43 0 227 206
-101.78 0 224 201
-101.14 0 221 196
-100.50 0 218 191
-99.85 0 215 186
-99.21 0 213 182
-98.57 0 210 177
-97.92 0 207 172
-97.28 0 204 167
-96.64 0 202 162
-95.99 0 199 157
-95.35 0 196 153
-94.71 0 193 148
-94.06 0 190 143
-93.42 0 188 138
-92.78 0 185 133
-92.14 0 182 129
-91.49 0 179 124
-90.85 0 177 119
-90.21 0 174 114
-89.56 0 171 109
-88.92 0 168 104
-88.28 0 165 100
-87.63 0 163 95
-86.99 0 160 90
-86.35 0 157 85
-85.70 0 154 80
-85.06 0 151 75
-84.42 0 149 71
-83.77 0 146 66
-83.13 0 143 61
-82.49 0 140 56
-81.85 0 138 51
-81.20 0 135 47
-80.56 0 132 42
-79.92 0 129 37
-79.27 0 126 32
-78.63 0 124 27
-77.99 0 121 22
-77.34 0 118 18
-76.70 0 115 13
-76.06 0 113 8
-75.41 0 110 3
-74.77 2 109 2
-74.13 8 113 8
-73.48 14 116 14
-72.84 20 119 20
-72.20 26 123 26
-71.55 31 126 31
-70.91 37 129 37
-70.27 43 133 43
-69.63 49 136 49
-68.98 55 140 55
-68.34 61 143 61
-67.70 67 146 67
-67.05 72 150 72
-66.41 78 153 78
-65.77 84 156 84
-65.12 90 160 90
-64.48 96 163 96
-63.84 102 167 102
-63.19 108 170 108
-62.55 113 173 113
-61.91 119 177 119
-61.26 125 180 125
-60.62 131 183 131
-59.98 137 187 137
-59.34 143 190 143
-58.69 149 194 149
-58.05 154 197 154
-57.41 160 200 160
-56.76 166 204 166
-56.12 172 207 172
-55.48 178 210 178
-54.83 184 214 184
-54.19 190 217 190
-53.55 195 221 195
-52.90 201 224 201
-52.26 207 227 207
-51.62 213 231 213
-50.97 219 234 219
-50.33 225 238 225
-49.69 231 241 231
-49.05 236 244 236
-48.40 242 248 242
-47.76 248 251 248
-47.12 254 254 254
-46.47 247 247 252
-45.83 237 237 249
-45.19 228 228 246
-44.54 218 218 242
-43.90 209 209 239
-43.26 199 199 235
-42.61 189 189 232
-41.97 180 180 229
-41.33 170 170 225
-40.68 160 160 222
-40.04 151 151 219
-39.40 141 141 215
-38.75 131 131 212
-38.11 122 122 208
-37.47 112 112 205
-36.83 102 102 202
-36.18 93 93 198
-35.54 83 83 195
-34.90 73 73 192
-34.25 64 64 188
-33.61 54 54 185
-32.97 44 44 182
-32.32 35 35 178
-31.68 25 25 175
-31.04 16 16 171
-30.39 6 6 168
-29.75 4 4 163
-29.11 16 16 156
-28.46 27 27 148
-27.82 38 38 141
-27.18 50 50 134
-26.54 61 61 126
-25.89 72 72 119
-25.25 84 84 112
-24.61 95 95 104
-23.96 106 106 97
-23.32 117 117 90
-22.68 129 129 82
-22.03 140 140 75
-21.39 151 151 67
-20.75 163 163 60
-20.10 174 174 53
-19.46 185 185 45
-18.82 197 197 38
-18.17 208 208 31
-17.53 219 219 23
-16.89 231 231 16
-16.25 242 242 9
-15.60 253 253 1
-14.96 255 246 0
-14.32 255 236 0
-13.67 255 225 0
-13.03 255 214 0
-12.39 255 204 0
-11.74 255 193 0
-11.10 255 183 0
-10.46 255 172 0
-9.81 255 161 0
-9.17 255 151 0
-8.53 255 140 0
-7.88 255 130 0
-7.24 255 119 0
-6.60 255 109 0
-5.95 255 98 0
-5.31 255 87 0
-4.67 255 77 0
-4.03 255 66 0
-3.38 255 56 0
-2.74 255 45 0
-2.10 255 34 0
-1.45 255 24 0
-0.81 255 13 0
-0.17 255 3 0
0.48 12 0 0
1.12 0 0 0
1.76 0 0 0
2.41 0 0 0
3.05 0 0 0
3.69 0 0 0
4.34 0 0 0
4.98 0 0 0
5.62 0 0 0
6.26 0 0 0
6.91 0 0 0
7.55 0 0 0
8.19 0 0 0
8.84 0 0 0
9.48 0 0 0
10.12 0 0 0
10.77 0 0 0
11.41 0 0 0
12.05 0 0 0
12.70 0 0 0
13.34 0 0 0
13.98 0 0 0
14.63 0 0 0
15.27 0 0 0
15.91 0 0 0
16.55 0 0 0
17.20 0 0 0
17.84 0 0 0
18.48 0 0 0
19.13 0 0 0
19.77 0 0 0
20.41 0 0 0
21.06 0 0 0
21.70 0 0 0
22.34 0 0 0
22.99 0 0 0
23.63 0 0 0
24.27 0 0 0
24.92 0 0 0
25.56 0 0 0
26.20 0 0 0
26.85 0 0 0
27.49 0 0 0
28.13 0 0 0
28.77 0 0 0
29.42 0 0 0
30.06 0 0 0
30.70 0 0 0
31.35 0 0 0
31.99 0 0 0
32.63 0 0 0
33.28 0 0 0
33.92 0 0 0
34.56 0 0 0
35.21 0 0 0
35.85 0 0 0
36.49 0 0 0
37.14 0 0 0
37.78 0 0 0
38.42 0 0 0
39.06 0 0 0
39.71 0 0 0
40.35 0 0 0
40.99 0 0 0
41.64 0 0 0
42.28 0 0 0
42.92 0 0 0
43.57 0 0 0
44.21 0 0 0
44.85 0 0 0
45.50 0 0 0
46.14 0 0 0
46.78 0 0 0
47.43 0 0 0
48.07 0 0 0
48.71 0 0 0
49.35 0 0 0
50.00 0 0 0
50.64 0 0 0
51.28 0 0 0
51.93 0 0 0
52.57 0 0 0
53.21 0 0 0
53.86 0 0 0
54.50 0 0 0
