
197 
FOUS46 KWNO 111200
METNC1
KMCW   NAM MOS GUIDANCE    1/11/2013  1200 UTC
DT /JAN  11/JAN  12                /JAN  13                /JAN  14
HR   18 21 00 03 06 09 12 15 18 21 00 03 06 09 12 15 18 21 00 06 12
N/X                    14          19           2          17     7
TMP  39 41 41 39 31 23 16 14 16 17 13 10  8  6  5  8 13 15 13 12 11
DPT  36 38 38 36 27 18 12  8  8  8  6  4  2  1  0  1  6  8  7  6  6
CLD  OV OV OV OV OV OV BK OV OV OV OV OV OV OV OV OV BK BK OV OV OV
WDR  17 16 16 17 23 26 26 27 27 27 29 30 31 30 30 29 29 28 28 28 28
WSP  13 13 14 16 18 25 23 19 18 20 16 17 15 13 12 14 14 12 08 09 08
P06        19     2     0     0     0     2     0     2     3  1  2
P12                     3           1           8           3     4
Q06         0     0     0     0     0     0     0     0     0  0  0
Q12                     0           0           0           0     0
T06      0/ 6  0/12  2/ 3  0/12  2/ 3  1/13  0/ 1  0/ 1  0/ 0  0/ 1
T12            2/12        2/12        2/13        0/ 1     0/ 3
SNW                     0                       0                 0
CIG   1  1  1  1  1  4  6  5  4  4  4  4  4  4  5  4  8  8  8  4  5
VIS   1  5  5  1  2  2  7  7  7  7  7  7  7  7  7  7  7  7  7  7  7
OBV  FG BR BR FG BR FG  N  N  N  N  N  N  N  N  N  N  N  N  N  N  N

KMDH   NAM MOS GUIDANCE    1/11/2013  1200 UTC
DT /JAN  11/JAN  12                /JAN  13                /JAN  14
HR   18 21 00 03 06 09 12 15 18 21 00 03 06 09 12 15 18 21 00 06 12
N/X                    49          63          31          37    20
TMP  58 59 57 56 54 53 53 58 59 60 52 47 44 39 35 31 33 35 31 25 22
DPT  47 47 46 46 46 47 48 53 52 48 43 39 38 33 28 24 23 22 21 20 16
CLD  BK CL CL CL CL OV OV OV OV OV OV OV OV OV OV OV OV OV OV SC BK
WDR  20 19 18 19 20 19 20 21 33 04 02 32 34 33 33 33 33 34 31 35 36
WSP  15 15 14 14 13 11 08 03 04 04 07 17 13 13 10 12 10 09 11 05 05
P06         1     1     2    37    83    74    68    32    18 19 16
P12                     4          87          84          32    27
Q06         0     0     0     1     5     4     2     1     0  0  0
Q12                     0           5           4           1     0
T06      0/ 6  0/ 7  1/ 3  7/ 6 33/11 30/ 8  5/ 6  3/ 8  3/ 4  0/ 6
T12            1/ 7        7/ 6       55/13        6/ 8     3/ 7
SNW                     0                       0                 1
CIG   8  8  8  8  8  4  4  2  4  2  2  2  2  3  3  3  3  5  8  8  8
VIS   7  7  7  7  7  7  7  3  5  3  2  3  4  5  7  7  7  7  7  7  7
OBV   N  N  N  N  N  N  N BR BR BR BR BR BR BR  N  N  N  N  N  N  N

KMDW   NAM MOS GUIDANCE    1/11/2013  1200 UTC
DT /JAN  11/JAN  12                /JAN  13                /JAN  14
HR   18 21 00 03 06 09 12 15 18 21 00 03 06 09 12 15 18 21 00 06 12
N/X                    45          54          23          27    17
TMP  51 52 51 50 49 48 46 47 51 51 45 37 31 28 24 23 25 25 23 21 19
DPT  46 47 46 45 45 44 43 39 33 30 27 24 20 18 15 14 14 13 12 11 11
CLD  OV OV OV BK CL BK OV OV BK BK OV OV OV OV OV OV OV OV OV CL OV
WDR  23 21 18 20 20 21 22 23 25 25 28 30 32 29 29 28 27 26 27 29 28
WSP  12 11 13 15 13 13 11 10 10 10 10 08 09 08 09 11 12 13 09 08 07
P06         3     1     1     3    13    37    56    16    21 20 13
P12                     3          13          85          23    28
Q06         0     0     0     0     0     1     1     0     0  0  0
Q12                     0           0           2           0     0
T06      0/ 6  0/ 7  2/ 3  0/ 7  1/13  3/ 9  2/ 4  2/ 9  2/ 9  1/ 3
T12            2/ 7        2/ 8        3/13        4/ 9     2/ 9
SNW                     0                       0                 0
CIG   3  3  4  5  8  8  6  8  8  8  8  7  2  3  4  5  5  5  6  8  7
VIS   5  6  6  5  7  7  5  5  7  7  7  7  5  4  7  7  7  7  7  7  7
OBV  BR HZ BR BR HZ  N BR HZ  N  N  N  N  N  N  N  N  N  N  N  N  N

